1d,lstm,0.022674528789723678,50,50,50,100,200,1
1d,lstm,0.01985865747246862,50,50,50,100,500,1
1d,lstm,0.051113844750813896,50,50,50,100,1000,1
1d,lstm,0.02104234956911049,50,50,50,200,200,1
1d,lstm,0.02110006538243527,50,50,50,200,500,1
1d,lstm,0.021398753837989455,50,50,50,200,1000,1
1d,lstm,0.020772520482133978,50,50,50,400,200,1
1d,lstm,0.020845964961024168,50,50,50,400,500,1
1d,lstm,0.02173834356579261,50,50,50,400,1000,1
1d,lstm,0.024909652903456196,50,50,50,100,200,2
1d,lstm,0.021865427289445245,50,50,50,100,500,2
1d,lstm,0.04712161597002965,50,50,50,100,1000,2
1d,lstm,0.023040009765671648,50,50,50,200,200,2
1d,lstm,0.023312352453980827,50,50,50,200,500,2
1d,lstm,0.020759697078444463,50,50,50,200,1000,2
1d,lstm,0.022846247380844682,50,50,50,400,200,2
1d,lstm,0.0218605970779728,50,50,50,400,500,2
1d,lstm,0.023132654278340072,50,50,50,400,1000,2
1d,lstm,0.040794003682744266,50,50,50,100,200,4
1d,lstm,0.026478395047238985,50,50,50,100,500,4
1d,lstm,0.020475065367658578,50,50,50,100,1000,4
1d,lstm,0.03156503352806794,50,50,50,200,200,4
1d,lstm,0.024528357024239864,50,50,50,200,500,4
1d,lstm,0.029641845376772835,50,50,50,200,1000,4
1d,lstm,0.028210189565243127,50,50,50,400,200,4
1d,lstm,0.02315947913702335,50,50,50,400,500,4
1d,lstm,0.028487157840442836,50,50,50,400,1000,4
1d,lstm,0.022878749451722667,50,50,100,100,200,1
1d,lstm,0.021074347708463392,50,50,100,100,500,1
1d,lstm,0.045103028254548656,50,50,100,100,1000,1
1d,lstm,0.022307653308904003,50,50,100,200,200,1
1d,lstm,0.021338652321739055,50,50,100,200,500,1
1d,lstm,0.020871844567701765,50,50,100,200,1000,1
1d,lstm,0.019645198612416998,50,50,100,400,200,1
1d,lstm,0.021448612771954294,50,50,100,400,500,1
1d,lstm,0.02028577641314249,50,50,100,400,1000,1
1d,lstm,0.023698504047648124,50,50,100,100,200,2
1d,lstm,0.02341951611411527,50,50,100,100,500,2
1d,lstm,0.03277344239605944,50,50,100,100,1000,2
1d,lstm,0.021748038343892922,50,50,100,200,200,2
1d,lstm,0.023430470387601026,50,50,100,200,500,2
1d,lstm,0.02281265884818952,50,50,100,200,1000,2
1d,lstm,0.02159569588297927,50,50,100,400,200,2
1d,lstm,0.022041345457020207,50,50,100,400,500,2
1d,lstm,0.023581820553057957,50,50,100,400,1000,2
1d,lstm,0.04301650002743632,50,50,100,100,200,4
1d,lstm,0.025988774852391674,50,50,100,100,500,4
1d,lstm,0.019757280283264272,50,50,100,100,1000,4
1d,lstm,0.031873008413315675,50,50,100,200,200,4
1d,lstm,0.025646281021376387,50,50,100,200,500,4
1d,lstm,0.034444104618712244,50,50,100,200,1000,4
1d,lstm,0.027294121858793523,50,50,100,400,200,4
1d,lstm,0.024250075324744103,50,50,100,400,500,4
1d,lstm,0.030935594699518072,50,50,100,400,1000,4
1d,lstm,0.022977382250409,50,50,200,100,200,1
1d,lstm,0.023635328536978965,50,50,200,100,500,1
1d,lstm,0.038043206164404965,50,50,200,100,1000,1
1d,lstm,0.021546310786496697,50,50,200,200,200,1
1d,lstm,0.022691867829507828,50,50,200,200,500,1
1d,lstm,0.022137785180023326,50,50,200,200,1000,1
1d,lstm,0.019881641981620696,50,50,200,400,200,1
1d,lstm,0.020508060149593024,50,50,200,400,500,1
1d,lstm,0.021195958788082083,50,50,200,400,1000,1
1d,lstm,0.024531995909196018,50,50,200,100,200,2
1d,lstm,0.025123993681225847,50,50,200,100,500,2
1d,lstm,0.023664209465096064,50,50,200,100,1000,2
1d,lstm,0.022937079202815118,50,50,200,200,200,2
1d,lstm,0.023568423969956193,50,50,200,200,500,2
1d,lstm,0.023419597588112344,50,50,200,200,1000,2
1d,lstm,0.02147088452375101,50,50,200,400,200,2
1d,lstm,0.022030319123197323,50,50,200,400,500,2
1d,lstm,0.022860444542824813,50,50,200,400,1000,2
1d,lstm,0.04462230247668231,50,50,200,100,200,4
1d,lstm,0.026741845581292573,50,50,200,100,500,4
1d,lstm,0.018012087759026536,50,50,200,100,1000,4
1d,lstm,0.03111214378821257,50,50,200,200,200,4
1d,lstm,0.025362146062531923,50,50,200,200,500,4
1d,lstm,0.028649150702416852,50,50,200,200,1000,4
1d,lstm,0.024557319334332663,50,50,200,400,200,4
1d,lstm,0.02424409589509326,50,50,200,400,500,4
1d,lstm,0.02919082240532589,50,50,200,400,1000,4
1d,lstm,0.023124430877909878,50,100,50,100,200,1
1d,lstm,0.02214027061521457,50,100,50,100,500,1
1d,lstm,0.04562012585181817,50,100,50,100,1000,1
1d,lstm,0.021590030437762055,50,100,50,200,200,1
1d,lstm,0.021547852919768826,50,100,50,200,500,1
1d,lstm,0.020512751681995463,50,100,50,200,1000,1
1d,lstm,0.02192326781398281,50,100,50,400,200,1
1d,lstm,0.020304012346806694,50,100,50,400,500,1
1d,lstm,0.02157943252872688,50,100,50,400,1000,1
1d,lstm,0.024205857422949912,50,100,50,100,200,2
1d,lstm,0.023760496160808282,50,100,50,100,500,2
1d,lstm,0.032239104204109026,50,100,50,100,1000,2
1d,lstm,0.022568424507588652,50,100,50,200,200,2
1d,lstm,0.0231425821268983,50,100,50,200,500,2
1d,lstm,0.02233453958469259,50,100,50,200,1000,2
1d,lstm,0.02294450940192811,50,100,50,400,200,2
1d,lstm,0.02221049958432429,50,100,50,400,500,2
1d,lstm,0.022295080908536744,50,100,50,400,1000,2
1d,lstm,0.04221837765447033,50,100,50,100,200,4
1d,lstm,0.026900289608257872,50,100,50,100,500,4
1d,lstm,0.0182495205849591,50,100,50,100,1000,4
1d,lstm,0.032003053073335,50,100,50,200,200,4
1d,lstm,0.02704953456623116,50,100,50,200,500,4
1d,lstm,0.027144715500656145,50,100,50,200,1000,4
1d,lstm,0.02581159188226983,50,100,50,400,200,4
1d,lstm,0.025555254497378752,50,100,50,400,500,4
1d,lstm,0.028089802848398904,50,100,50,400,1000,4
1d,lstm,0.02311442220600059,50,100,100,100,200,1
1d,lstm,0.021197361912365004,50,100,100,100,500,1
1d,lstm,0.04455731034496629,50,100,100,100,1000,1
1d,lstm,0.021564644086018752,50,100,100,200,200,1
1d,lstm,0.02189837430043034,50,100,100,200,500,1
1d,lstm,0.021562782568318135,50,100,100,200,1000,1
1d,lstm,0.022106796484552303,50,100,100,400,200,1
1d,lstm,0.019928705116594107,50,100,100,400,500,1
1d,lstm,0.021381685500890462,50,100,100,400,1000,1
1d,lstm,0.024807020555791887,50,100,100,100,200,2
1d,lstm,0.02391127320619749,50,100,100,100,500,2
1d,lstm,0.03432586535525063,50,100,100,100,1000,2
1d,lstm,0.022646044191235757,50,100,100,200,200,2
1d,lstm,0.023969165213494698,50,100,100,200,500,2
1d,lstm,0.022247502507005783,50,100,100,200,1000,2
1d,lstm,0.023091900200175326,50,100,100,400,200,2
1d,lstm,0.02306254161612742,50,100,100,400,500,2
1d,lstm,0.023139222205957464,50,100,100,400,1000,2
1d,lstm,0.042506958315828215,50,100,100,100,200,4
1d,lstm,0.025518423423688676,50,100,100,100,500,4
1d,lstm,0.018598692803932084,50,100,100,100,1000,4
1d,lstm,0.03259021907774695,50,100,100,200,200,4
1d,lstm,0.02508251150308232,50,100,100,200,500,4
1d,lstm,0.02590199851296607,50,100,100,200,1000,4
1d,lstm,0.023830184999431885,50,100,100,400,200,4
1d,lstm,0.02403818175951398,50,100,100,400,500,4
1d,lstm,0.04033171973488996,50,100,100,400,1000,4
1d,lstm,0.023232837209044583,50,100,200,100,200,1
1d,lstm,0.023115119112974623,50,100,200,100,500,1
1d,lstm,0.04131706436026304,50,100,200,100,1000,1
1d,lstm,0.02108424076534123,50,100,200,200,200,1
1d,lstm,0.022576366365163785,50,100,200,200,500,1
1d,lstm,0.02199964231363083,50,100,200,200,1000,1
1d,lstm,0.02154761291912369,50,100,200,400,200,1
1d,lstm,0.020748135812417395,50,100,200,400,500,1
1d,lstm,0.020480571427372394,50,100,200,400,1000,1
1d,lstm,0.02439389686557141,50,100,200,100,200,2
1d,lstm,0.0236967409902523,50,100,200,100,500,2
1d,lstm,0.022867357871843654,50,100,200,100,1000,2
1d,lstm,0.023381785798294783,50,100,200,200,200,2
1d,lstm,0.023159754452145926,50,100,200,200,500,2
1d,lstm,0.02356838124800171,50,100,200,200,1000,2
1d,lstm,0.023563589857888343,50,100,200,400,200,2
1d,lstm,0.022479551268523728,50,100,200,400,500,2
1d,lstm,0.022808816026684196,50,100,200,400,1000,2
1d,lstm,0.04105332495922604,50,100,200,100,200,4
1d,lstm,0.026260074876258192,50,100,200,100,500,4
1d,lstm,0.02688364916743272,50,100,200,100,1000,4
1d,lstm,0.034585384077867536,50,100,200,200,200,4
1d,lstm,0.0250662377738016,50,100,200,200,500,4
1d,lstm,0.03167336318558357,50,100,200,200,1000,4
1d,lstm,0.030009223860426055,50,100,200,400,200,4
1d,lstm,0.02478073646456583,50,100,200,400,500,4
1d,lstm,0.033526820651884136,50,100,200,400,1000,4
1d,lstm,0.02322914545938407,50,200,50,100,200,1
1d,lstm,0.022532521705865553,50,200,50,100,500,1
1d,lstm,0.04132162473813748,50,200,50,100,1000,1
1d,lstm,0.02092621998872346,50,200,50,200,200,1
1d,lstm,0.02169672751980605,50,200,50,200,500,1
1d,lstm,0.02150365261214964,50,200,50,200,1000,1
1d,lstm,0.02283291017816477,50,200,50,400,200,1
1d,lstm,0.021681680558913285,50,200,50,400,500,1
1d,lstm,0.021998675433483834,50,200,50,400,1000,1
1d,lstm,0.024444624225322644,50,200,50,100,200,2
1d,lstm,0.02319817135883438,50,200,50,100,500,2
1d,lstm,0.02324651338280351,50,200,50,100,1000,2
1d,lstm,0.02339285461951996,50,200,50,200,200,2
1d,lstm,0.02297041083004712,50,200,50,200,500,2
1d,lstm,0.023641921847748954,50,200,50,200,1000,2
1d,lstm,0.02319593285080503,50,200,50,400,200,2
1d,lstm,0.02203755156772656,50,200,50,400,500,2
1d,lstm,0.022889412513807526,50,200,50,400,1000,2
1d,lstm,0.0403572266534411,50,200,50,100,200,4
1d,lstm,0.025863174436023786,50,200,50,100,500,4
1d,lstm,0.018138904033224077,50,200,50,100,1000,4
1d,lstm,0.03615078882294905,50,200,50,200,200,4
1d,lstm,0.025955610872935204,50,200,50,200,500,4
1d,lstm,0.03251852977687771,50,200,50,200,1000,4
1d,lstm,0.025434430154941116,50,200,50,400,200,4
1d,lstm,0.024509983262857662,50,200,50,400,500,4
1d,lstm,0.03394366402169778,50,200,50,400,1000,4
1d,lstm,0.02318404189928255,50,200,100,100,200,1
1d,lstm,0.023752371386373334,50,200,100,100,500,1
1d,lstm,0.03936905542653741,50,200,100,100,1000,1
1d,lstm,0.021932284433043087,50,200,100,200,200,1
1d,lstm,0.022236566295792466,50,200,100,200,500,1
1d,lstm,0.022494117756650667,50,200,100,200,1000,1
1d,lstm,0.022857795541183026,50,200,100,400,200,1
1d,lstm,0.020627288771720487,50,200,100,400,500,1
1d,lstm,0.021100594917925264,50,200,100,400,1000,1
1d,lstm,0.02389489936269586,50,200,100,100,200,2
1d,lstm,0.02287414309768922,50,200,100,100,500,2
1d,lstm,0.027338370881287637,50,200,100,100,1000,2
1d,lstm,0.022390826510023283,50,200,100,200,200,2
1d,lstm,0.023688707711536545,50,200,100,200,500,2
1d,lstm,0.023599095532875123,50,200,100,200,1000,2
1d,lstm,0.023500108824756744,50,200,100,400,200,2
1d,lstm,0.021931410957352324,50,200,100,400,500,2
1d,lstm,0.022933968722619675,50,200,100,400,1000,2
1d,lstm,0.04524417533158547,50,200,100,100,200,4
1d,lstm,0.028120836377995926,50,200,100,100,500,4
1d,lstm,0.022088261114244494,50,200,100,100,1000,4
1d,lstm,0.03439721490050423,50,200,100,200,200,4
1d,lstm,0.024561567831629612,50,200,100,200,500,4
1d,lstm,0.029018154331652113,50,200,100,200,1000,4
1d,lstm,0.027784029973645374,50,200,100,400,200,4
1d,lstm,0.025068434289616044,50,200,100,400,500,4
1d,lstm,0.026615245614948435,50,200,100,400,1000,4
1d,lstm,0.02314336004591106,50,200,200,100,200,1
1d,lstm,0.02371205761528472,50,200,200,100,500,1
1d,lstm,0.0377001090667883,50,200,200,100,1000,1
1d,lstm,0.02146650606118783,50,200,200,200,200,1
1d,lstm,0.022875329376899702,50,200,200,200,500,1
1d,lstm,0.022660936321147216,50,200,200,200,1000,1
1d,lstm,0.021475620976161736,50,200,200,400,200,1
1d,lstm,0.02127657046224028,50,200,200,400,500,1
1d,lstm,0.021440733792685154,50,200,200,400,1000,1
1d,lstm,0.02451292256049393,50,200,200,100,200,2
1d,lstm,0.023569592675682673,50,200,200,100,500,2
1d,lstm,0.025368678246227967,50,200,200,100,1000,2
1d,lstm,0.022623724382940833,50,200,200,200,200,2
1d,lstm,0.023105739491873983,50,200,200,200,500,2
1d,lstm,0.02326498430959743,50,200,200,200,1000,2
1d,lstm,0.02238107663788469,50,200,200,400,200,2
1d,lstm,0.02219445216171932,50,200,200,400,500,2
1d,lstm,0.022745688534574322,50,200,200,400,1000,2
1d,lstm,0.0436859293917483,50,200,200,100,200,4
1d,lstm,0.027025600219368635,50,200,200,100,500,4
1d,lstm,0.019342745721295223,50,200,200,100,1000,4
1d,lstm,0.0318344316898934,50,200,200,200,200,4
1d,lstm,0.024466975333455463,50,200,200,200,500,4
1d,lstm,0.03686326781212301,50,200,200,200,1000,4
1d,lstm,0.032611027975657896,50,200,200,400,200,4
1d,lstm,0.024275426779597962,50,200,200,400,500,4
1d,lstm,0.03312589150907895,50,200,200,400,1000,4
1d,lstm,0.023334954744638838,100,50,50,100,200,1
1d,lstm,0.019294920312891657,100,50,50,100,500,1
1d,lstm,0.041850595242554585,100,50,50,100,1000,1
1d,lstm,0.02111371785762068,100,50,50,200,200,1
1d,lstm,0.021599484106153404,100,50,50,200,500,1
1d,lstm,0.01909101197770724,100,50,50,200,1000,1
1d,lstm,0.02243696012809388,100,50,50,400,200,1
1d,lstm,0.021117359732703074,100,50,50,400,500,1
1d,lstm,0.02257509853162836,100,50,50,400,1000,1
1d,lstm,0.024395014660318078,100,50,50,100,200,2
1d,lstm,0.021727967101729258,100,50,50,100,500,2
1d,lstm,0.03303104521400461,100,50,50,100,1000,2
1d,lstm,0.021369323064845958,100,50,50,200,200,2
1d,lstm,0.02292850441907441,100,50,50,200,500,2
1d,lstm,0.022080244550222363,100,50,50,200,1000,2
1d,lstm,0.021988357023571683,100,50,50,400,200,2
1d,lstm,0.0219666664761462,100,50,50,400,500,2
1d,lstm,0.022862375310296557,100,50,50,400,1000,2
1d,lstm,0.04722880724635355,100,50,50,100,200,4
1d,lstm,0.02935330318847004,100,50,50,100,500,4
1d,lstm,0.018235113288515743,100,50,50,100,1000,4
1d,lstm,0.031139583043146297,100,50,50,200,200,4
1d,lstm,0.027046862373416452,100,50,50,200,500,4
1d,lstm,0.02740648749509741,100,50,50,200,1000,4
1d,lstm,0.024917626378380322,100,50,50,400,200,4
1d,lstm,0.024923138093527086,100,50,50,400,500,4
1d,lstm,0.024552298786277658,100,50,50,400,1000,4
1d,lstm,0.02358367043383883,100,50,100,100,200,1
1d,lstm,0.01986297663617214,100,50,100,100,500,1
1d,lstm,0.0439746304070273,100,50,100,100,1000,1
1d,lstm,0.022036857048403493,100,50,100,200,200,1
1d,lstm,0.02195335241682577,100,50,100,200,500,1
1d,lstm,0.02112379926019717,100,50,100,200,1000,1
1d,lstm,0.02136469425402408,100,50,100,400,200,1
1d,lstm,0.020688629649319928,100,50,100,400,500,1
1d,lstm,0.02243438071894031,100,50,100,400,1000,1
1d,lstm,0.02423789721007909,100,50,100,100,200,2
1d,lstm,0.023485830930992182,100,50,100,100,500,2
1d,lstm,0.02582951010517068,100,50,100,100,1000,2
1d,lstm,0.022489747164757188,100,50,100,200,200,2
1d,lstm,0.023169978377381995,100,50,100,200,500,2
1d,lstm,0.023655121632470712,100,50,100,200,1000,2
1d,lstm,0.023009800618410736,100,50,100,400,200,2
1d,lstm,0.020985774465316354,100,50,100,400,500,2
1d,lstm,0.02240970053981073,100,50,100,400,1000,2
1d,lstm,0.04391329698059313,100,50,100,100,200,4
1d,lstm,0.025725535186308792,100,50,100,100,500,4
1d,lstm,0.019185353889497492,100,50,100,100,1000,4
1d,lstm,0.03909718010624731,100,50,100,200,200,4
1d,lstm,0.026177902862043214,100,50,100,200,500,4
1d,lstm,0.028986825634254792,100,50,100,200,1000,4
1d,lstm,0.02738737596908842,100,50,100,400,200,4
1d,lstm,0.02515174497346249,100,50,100,400,500,4
1d,lstm,0.024887534759013112,100,50,100,400,1000,4
1d,lstm,0.02262265076085766,100,50,200,100,200,1
1d,lstm,0.021902559690261114,100,50,200,100,500,1
1d,lstm,0.04228799588320596,100,50,200,100,1000,1
1d,lstm,0.022086634683903737,100,50,200,200,200,1
1d,lstm,0.0224656364634289,100,50,200,200,500,1
1d,lstm,0.022466791039018323,100,50,200,200,1000,1
1d,lstm,0.02034238993136179,100,50,200,400,200,1
1d,lstm,0.020884794347304187,100,50,200,400,500,1
1d,lstm,0.020808304057222164,100,50,200,400,1000,1
1d,lstm,0.02424102356599178,100,50,200,100,200,2
1d,lstm,0.023578893209137926,100,50,200,100,500,2
1d,lstm,0.021697788645951732,100,50,200,100,1000,2
1d,lstm,0.022205408128391873,100,50,200,200,200,2
1d,lstm,0.022754832586575242,100,50,200,200,500,2
1d,lstm,0.02244456715425258,100,50,200,200,1000,2
1d,lstm,0.023781165498316374,100,50,200,400,200,2
1d,lstm,0.022023127023593197,100,50,200,400,500,2
1d,lstm,0.023016451776389397,100,50,200,400,1000,2
1d,lstm,0.04119323732389343,100,50,200,100,200,4
1d,lstm,0.027999062839366422,100,50,200,100,500,4
1d,lstm,0.024530326280747822,100,50,200,100,1000,4
1d,lstm,0.04150514375952038,100,50,200,200,200,4
1d,lstm,0.02475480444650202,100,50,200,200,500,4
1d,lstm,0.02453510227022499,100,50,200,200,1000,4
1d,lstm,0.02875226549580085,100,50,200,400,200,4
1d,lstm,0.024112365290095892,100,50,200,400,500,4
1d,lstm,0.02393771068919445,100,50,200,400,1000,4
1d,lstm,0.023348275475492692,100,100,50,100,200,1
1d,lstm,0.021112205998731173,100,100,50,100,500,1
1d,lstm,0.04539396242122556,100,100,50,100,1000,1
1d,lstm,0.021161344236263955,100,100,50,200,200,1
1d,lstm,0.02148031139950035,100,100,50,200,500,1
1d,lstm,0.021148140889473716,100,100,50,200,1000,1
1d,lstm,0.02259653375686607,100,100,50,400,200,1
1d,lstm,0.02132163543595717,100,100,50,400,500,1
1d,lstm,0.02143880618141988,100,100,50,400,1000,1
1d,lstm,0.024737803076732234,100,100,50,100,200,2
1d,lstm,0.021748597439519863,100,100,50,100,500,2
1d,lstm,0.028133781945306118,100,100,50,100,1000,2
1d,lstm,0.02204062532976942,100,100,50,200,200,2
1d,lstm,0.022579539538225748,100,100,50,200,500,2
1d,lstm,0.022047701615162753,100,100,50,200,1000,2
1d,lstm,0.023475805206771838,100,100,50,400,200,2
1d,lstm,0.021295891832388798,100,100,50,400,500,2
1d,lstm,0.02328683825333298,100,100,50,400,1000,2
1d,lstm,0.04120418445849542,100,100,50,100,200,4
1d,lstm,0.02530931317359578,100,100,50,100,500,4
1d,lstm,0.017717259191061072,100,100,50,100,1000,4
1d,lstm,0.031852244158341946,100,100,50,200,200,4
1d,lstm,0.027125320735389584,100,100,50,200,500,4
1d,lstm,0.04055095276680731,100,100,50,200,1000,4
1d,lstm,0.027194591839426203,100,100,50,400,200,4
1d,lstm,0.022920292709061738,100,100,50,400,500,4
1d,lstm,0.0404885926301891,100,100,50,400,1000,4
1d,lstm,0.023765309342739523,100,100,100,100,200,1
1d,lstm,0.022071084624680486,100,100,100,100,500,1
1d,lstm,0.040749740086247196,100,100,100,100,1000,1
1d,lstm,0.02183395000062254,100,100,100,200,200,1
1d,lstm,0.021580567292338464,100,100,100,200,500,1
1d,lstm,0.021244675917127358,100,100,100,200,1000,1
1d,lstm,0.02243860958856203,100,100,100,400,200,1
1d,lstm,0.020831303490565136,100,100,100,400,500,1
1d,lstm,0.02181928276081635,100,100,100,400,1000,1
1d,lstm,0.024422502597125067,100,100,100,100,200,2
1d,lstm,0.023630846878079734,100,100,100,100,500,2
1d,lstm,0.02732587007514147,100,100,100,100,1000,2
1d,lstm,0.022182222532624758,100,100,100,200,200,2
1d,lstm,0.022902319046319723,100,100,100,200,500,2
1d,lstm,0.022336872381207025,100,100,100,200,1000,2
1d,lstm,0.02341754898290154,100,100,100,400,200,2
1d,lstm,0.022132172353069888,100,100,100,400,500,2
1d,lstm,0.02334173182530971,100,100,100,400,1000,2
1d,lstm,0.044614710270869704,100,100,100,100,200,4
1d,lstm,0.027466625085545666,100,100,100,100,500,4
1d,lstm,0.019354959137152555,100,100,100,100,1000,4
1d,lstm,0.03348274257710467,100,100,100,200,200,4
1d,lstm,0.02537222984100091,100,100,100,200,500,4
1d,lstm,0.035507794445460865,100,100,100,200,1000,4
1d,lstm,0.027582478480228798,100,100,100,400,200,4
1d,lstm,0.024085031554542575,100,100,100,400,500,4
1d,lstm,0.03363622993781844,100,100,100,400,1000,4
1d,lstm,0.022734035008072948,100,100,200,100,200,1
1d,lstm,0.023348964235635452,100,100,200,100,500,1
1d,lstm,0.035740050531623116,100,100,200,100,1000,1
1d,lstm,0.02182557508997109,100,100,200,200,200,1
1d,lstm,0.022458253474724188,100,100,200,200,500,1
1d,lstm,0.022270005529890113,100,100,200,200,1000,1
1d,lstm,0.01977562848177123,100,100,200,400,200,1
1d,lstm,0.02194645448256389,100,100,200,400,500,1
1d,lstm,0.021565774766941104,100,100,200,400,1000,1
1d,lstm,0.02381595701958109,100,100,200,100,200,2
1d,lstm,0.023699666667295918,100,100,200,100,500,2
1d,lstm,0.02304927522410643,100,100,200,100,1000,2
1d,lstm,0.02267952502721268,100,100,200,200,200,2
1d,lstm,0.023481544726337233,100,100,200,200,500,2
1d,lstm,0.02319334312567532,100,100,200,200,1000,2
1d,lstm,0.022829501662889534,100,100,200,400,200,2
1d,lstm,0.022249065506619963,100,100,200,400,500,2
1d,lstm,0.022408781253164176,100,100,200,400,1000,2
1d,lstm,0.046008848507524035,100,100,200,100,200,4
1d,lstm,0.026689169408752735,100,100,200,100,500,4
1d,lstm,0.022019904175359834,100,100,200,100,1000,4
1d,lstm,0.03634618225474436,100,100,200,200,200,4
1d,lstm,0.02479654891775291,100,100,200,200,500,4
1d,lstm,0.028002241470663387,100,100,200,200,1000,4
1d,lstm,0.034045834421606615,100,100,200,400,200,4
1d,lstm,0.024040947641196908,100,100,200,400,500,4
1d,lstm,0.025674049775781378,100,100,200,400,1000,4
1d,lstm,0.023000708463769115,100,200,50,100,200,1
1d,lstm,0.022625019211578286,100,200,50,100,500,1
1d,lstm,0.03790878554303033,100,200,50,100,1000,1
1d,lstm,0.021175138696240277,100,200,50,200,200,1
1d,lstm,0.021721370270370244,100,200,50,200,500,1
1d,lstm,0.022087664237135738,100,200,50,200,1000,1
1d,lstm,0.02367330804427833,100,200,50,400,200,1
1d,lstm,0.021280181066523646,100,200,50,400,500,1
1d,lstm,0.021671309379144077,100,200,50,400,1000,1
1d,lstm,0.023927348111718465,100,200,50,100,200,2
1d,lstm,0.023389002149542648,100,200,50,100,500,2
1d,lstm,0.02618082511672323,100,200,50,100,1000,2
1d,lstm,0.02200156859339586,100,200,50,200,200,2
1d,lstm,0.022318179627031247,100,200,50,200,500,2
1d,lstm,0.022465292745112362,100,200,50,200,1000,2
1d,lstm,0.022964362003449423,100,200,50,400,200,2
1d,lstm,0.02181592252970534,100,200,50,400,500,2
1d,lstm,0.022253922980228578,100,200,50,400,1000,2
1d,lstm,0.04682898335298497,100,200,50,100,200,4
1d,lstm,0.031568393565456584,100,200,50,100,500,4
1d,lstm,0.022886608281136693,100,200,50,100,1000,4
1d,lstm,0.031983192436233106,100,200,50,200,200,4
1d,lstm,0.025961240096031752,100,200,50,200,500,4
1d,lstm,0.02566394315830881,100,200,50,200,1000,4
1d,lstm,0.027235329642540558,100,200,50,400,200,4
1d,lstm,0.02353963357849612,100,200,50,400,500,4
1d,lstm,0.025142215486312125,100,200,50,400,1000,4
1d,lstm,0.023670914888498373,100,200,100,100,200,1
1d,lstm,0.023237920497714577,100,200,100,100,500,1
1d,lstm,0.040474970232708074,100,200,100,100,1000,1
1d,lstm,0.021811761269516085,100,200,100,200,200,1
1d,lstm,0.021970304399798937,100,200,100,200,500,1
1d,lstm,0.0220829268005543,100,200,100,200,1000,1
1d,lstm,0.022873717179468907,100,200,100,400,200,1
1d,lstm,0.020258933293592105,100,200,100,400,500,1
1d,lstm,0.02188211513254958,100,200,100,400,1000,1
1d,lstm,0.024872604781973808,100,200,100,100,200,2
1d,lstm,0.02320347820295865,100,200,100,100,500,2
1d,lstm,0.022591700068817642,100,200,100,100,1000,2
1d,lstm,0.022507323878991365,100,200,100,200,200,2
1d,lstm,0.022975620338716647,100,200,100,200,500,2
1d,lstm,0.02280978423495331,100,200,100,200,1000,2
1d,lstm,0.023279067462908642,100,200,100,400,200,2
1d,lstm,0.021735721334672626,100,200,100,400,500,2
1d,lstm,0.022336430399588738,100,200,100,400,1000,2
1d,lstm,0.050825873212878445,100,200,100,100,200,4
1d,lstm,0.026998840243160366,100,200,100,100,500,4
1d,lstm,0.04290765985196491,100,200,100,100,1000,4
1d,lstm,0.04027768321800197,100,200,100,200,200,4
1d,lstm,0.024997100611569425,100,200,100,200,500,4
1d,lstm,0.028715129131959265,100,200,100,200,1000,4
1d,lstm,0.024994142457606876,100,200,100,400,200,4
1d,lstm,0.023842706689070577,100,200,100,400,500,4
1d,lstm,0.024538931470065757,100,200,100,400,1000,4
1d,lstm,0.02303189641796572,100,200,200,100,200,1
1d,lstm,0.02371291032922532,100,200,200,100,500,1
1d,lstm,0.037422153029540696,100,200,200,100,1000,1
1d,lstm,0.021597916306518528,100,200,200,200,200,1
1d,lstm,0.022823745184106365,100,200,200,200,500,1
1d,lstm,0.02288787075251873,100,200,200,200,1000,1
1d,lstm,0.02141418636905915,100,200,200,400,200,1
1d,lstm,0.021521998709204126,100,200,200,400,500,1
1d,lstm,0.021676207364602566,100,200,200,400,1000,1
1d,lstm,0.024383122185262045,100,200,200,100,200,2
1d,lstm,0.02339993910952996,100,200,200,100,500,2
1d,lstm,0.02167852469717348,100,200,200,100,1000,2
1d,lstm,0.022482416492266566,100,200,200,200,200,2
1d,lstm,0.0240575237048688,100,200,200,200,500,2
1d,lstm,0.02267917216535612,100,200,200,200,1000,2
1d,lstm,0.023556412003050094,100,200,200,400,200,2
1d,lstm,0.02181069200751803,100,200,200,400,500,2
1d,lstm,0.022812383889004195,100,200,200,400,1000,2
1d,lstm,0.048465235229092025,100,200,200,100,200,4
1d,lstm,0.026127722170908134,100,200,200,100,500,4
1d,lstm,0.12345023473030128,100,200,200,100,1000,4
1d,lstm,0.03408892842630199,100,200,200,200,200,4
1d,lstm,0.024449626712891716,100,200,200,200,500,4
1d,lstm,0.0266666188707794,100,200,200,200,1000,4
1d,lstm,0.04957422153896524,100,200,200,400,200,4
1d,lstm,0.02438193206629486,100,200,200,400,500,4
1d,lstm,0.03142636316920289,100,200,200,400,1000,4
1d,lstm,0.023356069084879243,200,50,50,100,200,1
1d,lstm,0.019947544638008758,200,50,50,100,500,1
1d,lstm,0.04192408870497794,200,50,50,100,1000,1
1d,lstm,0.02306726742722276,200,50,50,200,200,1
1d,lstm,0.021514317195819137,200,50,50,200,500,1
1d,lstm,0.020835179426642623,200,50,50,200,1000,1
1d,lstm,0.02427251030930425,200,50,50,400,200,1
1d,lstm,0.02061272452286695,200,50,50,400,500,1
1d,lstm,0.02197644792922152,200,50,50,400,1000,1
1d,lstm,0.02300198057030554,200,50,50,100,200,2
1d,lstm,0.022800591757881454,200,50,50,100,500,2
1d,lstm,0.027695918923200225,200,50,50,100,1000,2
1d,lstm,0.02256369344802676,200,50,50,200,200,2
1d,lstm,0.022425181770261458,200,50,50,200,500,2
1d,lstm,0.022112197247257166,200,50,50,200,1000,2
1d,lstm,0.02303564582767389,200,50,50,400,200,2
1d,lstm,0.021314464180444963,200,50,50,400,500,2
1d,lstm,0.022713108626866024,200,50,50,400,1000,2
1d,lstm,0.045097747469948705,200,50,50,100,200,4
1d,lstm,0.028456818673540902,200,50,50,100,500,4
1d,lstm,0.015556155938676446,200,50,50,100,1000,4
1d,lstm,0.03177586305767883,200,50,50,200,200,4
1d,lstm,0.022843073221857985,200,50,50,200,500,4
1d,lstm,0.0378241853804866,200,50,50,200,1000,4
1d,lstm,0.034080005816024696,200,50,50,400,200,4
1d,lstm,0.02263964819719279,200,50,50,400,500,4
1d,lstm,0.025001304198018,200,50,50,400,1000,4
1d,lstm,0.023159537433035178,200,50,100,100,200,1
1d,lstm,0.019454427019387106,200,50,100,100,500,1
1d,lstm,0.04311988549566844,200,50,100,100,1000,1
1d,lstm,0.02171801322518669,200,50,100,200,200,1
1d,lstm,0.022685485065462023,200,50,100,200,500,1
1d,lstm,0.020770828012213575,200,50,100,200,1000,1
1d,lstm,0.02287246184148119,200,50,100,400,200,1
1d,lstm,0.02137855779622961,200,50,100,400,500,1
1d,lstm,0.022646666051449365,200,50,100,400,1000,1
1d,lstm,0.0239012545274753,200,50,100,100,200,2
1d,lstm,0.022761107589076346,200,50,100,100,500,2
1d,lstm,0.02283911670867513,200,50,100,100,1000,2
1d,lstm,0.021334534452047853,200,50,100,200,200,2
1d,lstm,0.024748062824625907,200,50,100,200,500,2
1d,lstm,0.022644678134513794,200,50,100,200,1000,2
1d,lstm,0.022702273118511584,200,50,100,400,200,2
1d,lstm,0.021431386527800505,200,50,100,400,500,2
1d,lstm,0.02304819688804725,200,50,100,400,1000,2
1d,lstm,0.04358740474383792,200,50,100,100,200,4
1d,lstm,0.02657299677447814,200,50,100,100,500,4
1d,lstm,0.023282115586880536,200,50,100,100,1000,4
1d,lstm,0.028564009606628003,200,50,100,200,200,4
1d,lstm,0.02551160606848108,200,50,100,200,500,4
1d,lstm,0.031482721457807984,200,50,100,200,1000,4
1d,lstm,0.029857178598539185,200,50,100,400,200,4
1d,lstm,0.02388203843439182,200,50,100,400,500,4
1d,lstm,0.02556597137296584,200,50,100,400,1000,4
1d,lstm,0.022421936454975366,200,50,200,100,200,1
1d,lstm,0.02254191353787454,200,50,200,100,500,1
1d,lstm,0.044334392247102575,200,50,200,100,1000,1
1d,lstm,0.02162174431334409,200,50,200,200,200,1
1d,lstm,0.0222951477715664,200,50,200,200,500,1
1d,lstm,0.02198905145525844,200,50,200,200,1000,1
1d,lstm,0.023531801259423446,200,50,200,400,200,1
1d,lstm,0.021195638498056724,200,50,200,400,500,1
1d,lstm,0.02207682258735336,200,50,200,400,1000,1
1d,lstm,0.024103541578759696,200,50,200,100,200,2
1d,lstm,0.022823523369847214,200,50,200,100,500,2
1d,lstm,0.021586472371219707,200,50,200,100,1000,2
1d,lstm,0.024824808448914024,200,50,200,200,200,2
1d,lstm,0.02277588420848328,200,50,200,200,500,2
1d,lstm,0.02275222084810074,200,50,200,200,1000,2
1d,lstm,0.0238596279822819,200,50,200,400,200,2
1d,lstm,0.02125828020130679,200,50,200,400,500,2
1d,lstm,0.022939350856501863,200,50,200,400,1000,2
1d,lstm,0.07874985153700566,200,50,200,100,200,4
1d,lstm,0.027864896743722056,200,50,200,100,500,4
1d,lstm,0.037791790802592526,200,50,200,100,1000,4
1d,lstm,0.03428417766368901,200,50,200,200,200,4
1d,lstm,0.024860090379531487,200,50,200,200,500,4
1d,lstm,0.02895171829735383,200,50,200,200,1000,4
1d,lstm,0.027492040735134133,200,50,200,400,200,4
1d,lstm,0.02397577005837905,200,50,200,400,500,4
1d,lstm,0.040236215145471634,200,50,200,400,1000,4
1d,lstm,0.02341508766458641,200,100,50,100,200,1
1d,lstm,0.021034083907027577,200,100,50,100,500,1
1d,lstm,0.04043656992744867,200,100,50,100,1000,1
1d,lstm,0.021118422312611074,200,100,50,200,200,1
1d,lstm,0.021848394076706818,200,100,50,200,500,1
1d,lstm,0.021643495727110867,200,100,50,200,1000,1
1d,lstm,0.02499364052645043,200,100,50,400,200,1
1d,lstm,0.021590525189529735,200,100,50,400,500,1
1d,lstm,0.022567782864078772,200,100,50,400,1000,1
1d,lstm,0.02386699979300439,200,100,50,100,200,2
1d,lstm,0.02242425053860383,200,100,50,100,500,2
1d,lstm,0.02270222528237095,200,100,50,100,1000,2
1d,lstm,0.02218617946771571,200,100,50,200,200,2
1d,lstm,0.02205229403128734,200,100,50,200,500,2
1d,lstm,0.02272390437091027,200,100,50,200,1000,2
1d,lstm,0.022770531219196397,200,100,50,400,200,2
1d,lstm,0.021255556506275752,200,100,50,400,500,2
1d,lstm,0.02267956867493532,200,100,50,400,1000,2
1d,lstm,0.04465801601236308,200,100,50,100,200,4
1d,lstm,0.028859341799716276,200,100,50,100,500,4
1d,lstm,0.025917970522739,200,100,50,100,1000,4
1d,lstm,0.03471592956218826,200,100,50,200,200,4
1d,lstm,0.025789533925002876,200,100,50,200,500,4
1d,lstm,0.02739029783875984,200,100,50,200,1000,4
1d,lstm,0.02630557685210988,200,100,50,400,200,4
1d,lstm,0.023840178464297423,200,100,50,400,500,4
1d,lstm,0.0349556410270517,200,100,50,400,1000,4
1d,lstm,0.02338672719783322,200,100,100,100,200,1
1d,lstm,0.022435345724586244,200,100,100,100,500,1
1d,lstm,0.03805440157686592,200,100,100,100,1000,1
1d,lstm,0.021669088215113725,200,100,100,200,200,1
1d,lstm,0.022484230598852913,200,100,100,200,500,1
1d,lstm,0.02219095518145358,200,100,100,200,1000,1
1d,lstm,0.02307114661695258,200,100,100,400,200,1
1d,lstm,0.020169131227281208,200,100,100,400,500,1
1d,lstm,0.02170012837070447,200,100,100,400,1000,1
1d,lstm,0.02436542927596617,200,100,100,100,200,2
1d,lstm,0.0228795897425828,200,100,100,100,500,2
1d,lstm,0.02302531375000529,200,100,100,100,1000,2
1d,lstm,0.021838290350030678,200,100,100,200,200,2
1d,lstm,0.022771608811418837,200,100,100,200,500,2
1d,lstm,0.022185879249328928,200,100,100,200,1000,2
1d,lstm,0.024011745736548358,200,100,100,400,200,2
1d,lstm,0.021559720217705296,200,100,100,400,500,2
1d,lstm,0.022859487430196168,200,100,100,400,1000,2
1d,lstm,0.0444721376520647,200,100,100,100,200,4
1d,lstm,0.027735524179596332,200,100,100,100,500,4
1d,lstm,0.02379312699836841,200,100,100,100,1000,4
1d,lstm,0.0311651512087922,200,100,100,200,200,4
1d,lstm,0.025871546575509847,200,100,100,200,500,4
1d,lstm,0.024239532169076483,200,100,100,200,1000,4
1d,lstm,0.033612104417638226,200,100,100,400,200,4
1d,lstm,0.02406492813432643,200,100,100,400,500,4
1d,lstm,0.024062856144512677,200,100,100,400,1000,4
1d,lstm,0.02376161633995772,200,100,200,100,200,1
1d,lstm,0.022996313364891257,200,100,200,100,500,1
1d,lstm,0.03766113267345515,200,100,200,100,1000,1
1d,lstm,0.022486388975169445,200,100,200,200,200,1
1d,lstm,0.022549830719883954,200,100,200,200,500,1
1d,lstm,0.022332689024031942,200,100,200,200,1000,1
1d,lstm,0.02102111378394511,200,100,200,400,200,1
1d,lstm,0.02139204130503458,200,100,200,400,500,1
1d,lstm,0.023293479804059252,200,100,200,400,1000,1
1d,lstm,0.025239520679958462,200,100,200,100,200,2
1d,lstm,0.023331983904816816,200,100,200,100,500,2
1d,lstm,0.022089747240832885,200,100,200,100,1000,2
1d,lstm,0.022440394928253227,200,100,200,200,200,2
1d,lstm,0.02239656284746161,200,100,200,200,500,2
1d,lstm,0.022607312689258054,200,100,200,200,1000,2
1d,lstm,0.023254366245932294,200,100,200,400,200,2
1d,lstm,0.021801843261593085,200,100,200,400,500,2
1d,lstm,0.022309306582980883,200,100,200,400,1000,2
1d,lstm,0.048109860497593866,200,100,200,100,200,4
1d,lstm,0.025354228835437555,200,100,200,100,500,4
1d,lstm,0.017244360556495458,200,100,200,100,1000,4
1d,lstm,0.035125794078437265,200,100,200,200,200,4
1d,lstm,0.025701456421529656,200,100,200,200,500,4
1d,lstm,0.040140960714227604,200,100,200,200,1000,4
1d,lstm,0.03025850672176083,200,100,200,400,200,4
1d,lstm,0.024350911662168073,200,100,200,400,500,4
1d,lstm,0.024133905147339516,200,100,200,400,1000,4
5d,lstm,0.12582434387426084,50,50,50,100,200,1
5d,lstm,0.2871490299407729,50,50,50,100,500,1
5d,lstm,0.29441957906421,50,50,50,100,1000,1
5d,lstm,0.13182734888954917,50,50,50,200,200,1
5d,lstm,0.22828103306616349,50,50,50,200,500,1
5d,lstm,0.2642153511930701,50,50,50,200,1000,1
5d,lstm,0.19139357353128617,50,50,50,400,200,1
5d,lstm,0.2112005307185817,50,50,50,400,500,1
5d,lstm,0.2787853404034779,50,50,50,400,1000,1
5d,lstm,0.2760308071120822,50,50,50,100,200,2
5d,lstm,0.15562634801848876,50,50,50,100,500,2
5d,lstm,0.21434821613940716,50,50,50,100,1000,2
5d,lstm,0.12034506678184828,50,50,50,200,200,2
5d,lstm,0.3193704728393836,50,50,50,200,500,2
5d,lstm,0.18769404676040072,50,50,50,200,1000,2
5d,lstm,0.15137374647173862,50,50,50,400,200,2
5d,lstm,0.27125316156807455,50,50,50,400,500,2
5d,lstm,0.10522616039718612,50,50,50,400,1000,2
5d,lstm,0.5446661362291382,50,50,50,100,200,4
5d,lstm,0.5961229166020725,50,50,50,100,500,4
5d,lstm,0.6029897209159701,50,50,50,100,1000,4
5d,lstm,0.04303712194014224,50,50,50,200,200,4
5d,lstm,0.20891416017039513,50,50,50,200,500,4
5d,lstm,0.4986525746041999,50,50,50,200,1000,4
5d,lstm,0.27426238417429627,50,50,50,400,200,4
5d,lstm,0.21330481219615,50,50,50,400,500,4
5d,lstm,0.30809150671772323,50,50,50,400,1000,4
5d,lstm,0.07509652035869945,50,50,100,100,200,1
5d,lstm,0.2904726439085737,50,50,100,100,500,1
5d,lstm,0.2817279487180453,50,50,100,100,1000,1
5d,lstm,0.17007824198211502,50,50,100,200,200,1
5d,lstm,0.19071921809500703,50,50,100,200,500,1
5d,lstm,0.31767584520124986,50,50,100,200,1000,1
5d,lstm,0.21932282978861753,50,50,100,400,200,1
5d,lstm,0.2534428700060094,50,50,100,400,500,1
5d,lstm,0.264694531404939,50,50,100,400,1000,1
5d,lstm,0.13750031801282603,50,50,100,100,200,2
5d,lstm,0.2577521055243973,50,50,100,100,500,2
5d,lstm,0.27611958094649447,50,50,100,100,1000,2
5d,lstm,0.2100005363244236,50,50,100,200,200,2
5d,lstm,0.30562615413075817,50,50,100,200,500,2
5d,lstm,0.205449627408117,50,50,100,200,1000,2
5d,lstm,0.13981967729756173,50,50,100,400,200,2
5d,lstm,0.26857265805927977,50,50,100,400,500,2
5d,lstm,0.22835796104926495,50,50,100,400,1000,2
5d,lstm,0.134143846611648,50,50,100,100,200,4
5d,lstm,0.5870349330176655,50,50,100,100,500,4
5d,lstm,0.22961167115662257,50,50,100,100,1000,4
5d,lstm,0.05298578323850052,50,50,100,200,200,4
5d,lstm,0.08104681578335138,50,50,100,200,500,4
5d,lstm,0.40006823293905913,50,50,100,200,1000,4
5d,lstm,0.03361756990384492,50,50,100,400,200,4
5d,lstm,0.04323611616794421,50,50,100,400,500,4
5d,lstm,0.22786644489885605,50,50,100,400,1000,4
5d,lstm,0.14260202003694888,50,50,200,100,200,1
5d,lstm,0.09890249216183682,50,50,200,100,500,1
5d,lstm,0.1456391661854598,50,50,200,100,1000,1
5d,lstm,0.042846584553769516,50,50,200,200,200,1
5d,lstm,0.07681276922710042,50,50,200,200,500,1
5d,lstm,0.16333868170052354,50,50,200,200,1000,1
5d,lstm,0.10226049623724975,50,50,200,400,200,1
5d,lstm,0.12815022624976596,50,50,200,400,500,1
5d,lstm,0.12652537510422399,50,50,200,400,1000,1
5d,lstm,0.28683144373346425,50,50,200,100,200,2
5d,lstm,0.19833461522111326,50,50,200,100,500,2
5d,lstm,0.5403973742907705,50,50,200,100,1000,2
5d,lstm,0.04280887603855003,50,50,200,200,200,2
5d,lstm,0.17780809132412156,50,50,200,200,500,2
5d,lstm,0.08891436212302974,50,50,200,200,1000,2
5d,lstm,0.06331182781940957,50,50,200,400,200,2
5d,lstm,0.17835019403032676,50,50,200,400,500,2
5d,lstm,0.14679833954982574,50,50,200,400,1000,2
5d,lstm,0.3572731540399153,50,50,200,100,200,4
5d,lstm,0.5219129838079685,50,50,200,100,500,4
5d,lstm,0.9831748709352723,50,50,200,100,1000,4
5d,lstm,0.034961611606546025,50,50,200,200,200,4
5d,lstm,0.11882114864753411,50,50,200,200,500,4
5d,lstm,0.09601869555670939,50,50,200,200,1000,4
5d,lstm,0.32272991389455197,50,50,200,400,200,4
5d,lstm,0.038506048240333254,50,50,200,400,500,4
5d,lstm,0.11343971955292804,50,50,200,400,1000,4
5d,lstm,0.03996958777557406,50,100,50,100,200,1
5d,lstm,0.11035214741201084,50,100,50,100,500,1
5d,lstm,0.08595114532985722,50,100,50,100,1000,1
5d,lstm,0.04933484831790987,50,100,50,200,200,1
5d,lstm,0.0887874050827447,50,100,50,200,500,1
5d,lstm,0.18359521574961946,50,100,50,200,1000,1
5d,lstm,0.10747127060949424,50,100,50,400,200,1
5d,lstm,0.11569092779870646,50,100,50,400,500,1
5d,lstm,0.13075267214424977,50,100,50,400,1000,1
5d,lstm,0.034787290051560504,50,100,50,100,200,2
5d,lstm,0.14899889110141495,50,100,50,100,500,2
5d,lstm,0.16738770147211912,50,100,50,100,1000,2
5d,lstm,0.05487777457784172,50,100,50,200,200,2
5d,lstm,0.18425843666472508,50,100,50,200,500,2
5d,lstm,0.21886410677693674,50,100,50,200,1000,2
5d,lstm,0.08949942543042977,50,100,50,400,200,2
5d,lstm,0.21846199346047276,50,100,50,400,500,2
5d,lstm,0.039204990967865734,50,100,50,400,1000,2
5d,lstm,0.21066069963355533,50,100,50,100,200,4
5d,lstm,0.7439957382198957,50,100,50,100,500,4
5d,lstm,0.1753446759842323,50,100,50,100,1000,4
5d,lstm,0.039914178788460826,50,100,50,200,200,4
5d,lstm,0.0802300007899508,50,100,50,200,500,4
5d,lstm,1.4107639199772295,50,100,50,200,1000,4
5d,lstm,0.20777578593794846,50,100,50,400,200,4
5d,lstm,0.3218764531819553,50,100,50,400,500,4
5d,lstm,0.2564235017718472,50,100,50,400,1000,4
5d,lstm,0.2007208932227968,50,100,100,100,200,1
5d,lstm,0.1000771812727375,50,100,100,100,500,1
5d,lstm,0.11149405904724127,50,100,100,100,1000,1
5d,lstm,0.027185053539194218,50,100,100,200,200,1
5d,lstm,0.11545143213294458,50,100,100,200,500,1
5d,lstm,0.15825506048834412,50,100,100,200,1000,1
5d,lstm,0.06778308394479739,50,100,100,400,200,1
5d,lstm,0.14218302691724602,50,100,100,400,500,1
5d,lstm,0.11778693660342339,50,100,100,400,1000,1
5d,lstm,0.10219937447996016,50,100,100,100,200,2
5d,lstm,0.18361367730260228,50,100,100,100,500,2
5d,lstm,0.10622588254942197,50,100,100,100,1000,2
5d,lstm,0.028890724461215152,50,100,100,200,200,2
5d,lstm,0.21734884723234374,50,100,100,200,500,2
5d,lstm,0.10770101752803254,50,100,100,200,1000,2
5d,lstm,0.11187717482729827,50,100,100,400,200,2
5d,lstm,0.17826123038573444,50,100,100,400,500,2
5d,lstm,0.025838831321451445,50,100,100,400,1000,2
5d,lstm,0.050658492531894285,50,100,100,100,200,4
5d,lstm,0.07854026094478936,50,100,100,100,500,4
5d,lstm,0.07465169160815484,50,100,100,100,1000,4
5d,lstm,0.03139642113877536,50,100,100,200,200,4
5d,lstm,0.25252030326734193,50,100,100,200,500,4
5d,lstm,0.6164469232994114,50,100,100,200,1000,4
5d,lstm,0.1760680268094997,50,100,100,400,200,4
5d,lstm,0.112740030460379,50,100,100,400,500,4
5d,lstm,0.3911414381017689,50,100,100,400,1000,4
5d,lstm,0.02687841266749404,50,100,200,100,200,1
5d,lstm,0.20107925056187403,50,100,200,100,500,1
5d,lstm,0.12260069622136273,50,100,200,100,1000,1
5d,lstm,0.03212264494597028,50,100,200,200,200,1
5d,lstm,0.27002344145833246,50,100,200,200,500,1
5d,lstm,0.12308588366957858,50,100,200,200,1000,1
5d,lstm,0.04029969902697173,50,100,200,400,200,1
5d,lstm,0.12426898701323807,50,100,200,400,500,1
5d,lstm,0.11802568353276521,50,100,200,400,1000,1
5d,lstm,0.041009323507179424,50,100,200,100,200,2
5d,lstm,0.20832516730179773,50,100,200,100,500,2
5d,lstm,0.2543693986202145,50,100,200,100,1000,2
5d,lstm,0.142248179129131,50,100,200,200,200,2
5d,lstm,0.22576211661644266,50,100,200,200,500,2
5d,lstm,0.1319306323247734,50,100,200,200,1000,2
5d,lstm,0.1298912380000729,50,100,200,400,200,2
5d,lstm,0.1876502539759713,50,100,200,400,500,2
5d,lstm,0.810699689498454,50,100,200,400,1000,2
5d,lstm,0.2909787397874425,50,100,200,100,200,4
5d,lstm,0.04325510946899028,50,100,200,100,500,4
5d,lstm,0.10643025593766911,50,100,200,100,1000,4
5d,lstm,0.11387487543719804,50,100,200,200,200,4
5d,lstm,0.38157198780398693,50,100,200,200,500,4
5d,lstm,0.15855424222108921,50,100,200,200,1000,4
5d,lstm,0.06348755785232113,50,100,200,400,200,4
5d,lstm,0.3634145079064508,50,100,200,400,500,4
5d,lstm,0.6412595556879556,50,100,200,400,1000,4
5d,lstm,0.030907758233505386,50,200,50,100,200,1
5d,lstm,0.07763327953844705,50,200,50,100,500,1
5d,lstm,0.16313763267674922,50,200,50,100,1000,1
5d,lstm,0.03891115416775262,50,200,50,200,200,1
5d,lstm,0.12506499204656782,50,200,50,200,500,1
5d,lstm,0.11811435255411717,50,200,50,200,1000,1
5d,lstm,0.09052390434789491,50,200,50,400,200,1
5d,lstm,0.12733762751533634,50,200,50,400,500,1
5d,lstm,0.11633576711189042,50,200,50,400,1000,1
5d,lstm,0.2359077440888021,50,200,50,100,200,2
5d,lstm,0.20108774335215976,50,200,50,100,500,2
5d,lstm,0.4299751056541936,50,200,50,100,1000,2
5d,lstm,0.048743188016299295,50,200,50,200,200,2
5d,lstm,0.2065317466707711,50,200,50,200,500,2
5d,lstm,0.8426168469562332,50,200,50,200,1000,2
5d,lstm,0.12188046836455604,50,200,50,400,200,2
5d,lstm,0.20712859329159333,50,200,50,400,500,2
5d,lstm,0.11568774184721796,50,200,50,400,1000,2
5d,lstm,0.09171051302253415,50,200,50,100,200,4
5d,lstm,0.26278701062135174,50,200,50,100,500,4
5d,lstm,0.0978551248542122,50,200,50,100,1000,4
5d,lstm,0.04257988862506993,50,200,50,200,200,4
5d,lstm,0.3760500068710956,50,200,50,200,500,4
5d,lstm,0.11265905222324234,50,200,50,200,1000,4
5d,lstm,0.1180924426654201,50,200,50,400,200,4
5d,lstm,0.057081395618602725,50,200,50,400,500,4
5d,lstm,0.11763146395688377,50,200,50,400,1000,4
5d,lstm,0.04015213007438173,50,200,100,100,200,1
5d,lstm,0.1938558868925936,50,200,100,100,500,1
5d,lstm,0.23239180890418537,50,200,100,100,1000,1
5d,lstm,0.1283740481665258,50,200,100,200,200,1
5d,lstm,0.06317568600538834,50,200,100,200,500,1
5d,lstm,0.17573186048636802,50,200,100,200,1000,1
5d,lstm,0.16349228351259626,50,200,100,400,200,1
5d,lstm,0.12450273295801578,50,200,100,400,500,1
5d,lstm,0.2756658756326423,50,200,100,400,1000,1
5d,lstm,0.261665932333543,50,200,100,100,200,2
5d,lstm,0.22031420257326317,50,200,100,100,500,2
5d,lstm,0.08016162470485141,50,200,100,100,1000,2
5d,lstm,0.030679637749498008,50,200,100,200,200,2
5d,lstm,0.22367837399287316,50,200,100,200,500,2
5d,lstm,0.28458008786123434,50,200,100,200,1000,2
5d,lstm,0.06001703560347258,50,200,100,400,200,2
5d,lstm,0.21113082034103173,50,200,100,400,500,2
5d,lstm,0.18511103323348185,50,200,100,400,1000,2
5d,lstm,0.18509036818627464,50,200,100,100,200,4
5d,lstm,0.24509921927293102,50,200,100,100,500,4
5d,lstm,0.9721116859440242,50,200,100,100,1000,4
5d,lstm,0.1570249797661875,50,200,100,200,200,4
5d,lstm,0.2523604383863845,50,200,100,200,500,4
5d,lstm,0.2369810587197662,50,200,100,200,1000,4
5d,lstm,0.37354016926695816,50,200,100,400,200,4
5d,lstm,0.06437967310519395,50,200,100,400,500,4
5d,lstm,0.2688586738052306,50,200,100,400,1000,4
5d,lstm,0.03866731463895771,50,200,200,100,200,1
5d,lstm,0.18418381804796938,50,200,200,100,500,1
5d,lstm,0.0991660882693785,50,200,200,100,1000,1
5d,lstm,0.03666481956934799,50,200,200,200,200,1
5d,lstm,0.0871470082716834,50,200,200,200,500,1
5d,lstm,0.10938858457692342,50,200,200,200,1000,1
5d,lstm,0.12854552965013682,50,200,200,400,200,1
5d,lstm,0.12472963486264754,50,200,200,400,500,1
5d,lstm,0.10969918737161737,50,200,200,400,1000,1
5d,lstm,0.10581774930585977,50,200,200,100,200,2
5d,lstm,0.19904335052967456,50,200,200,100,500,2
5d,lstm,0.11618542134664754,50,200,200,100,1000,2
5d,lstm,0.028331317483239866,50,200,200,200,200,2
5d,lstm,0.1808453197583211,50,200,200,200,500,2
5d,lstm,0.028995421218672032,50,200,200,200,1000,2
5d,lstm,0.09901025745516563,50,200,200,400,200,2
5d,lstm,0.19245708022987987,50,200,200,400,500,2
5d,lstm,0.10222533952781175,50,200,200,400,1000,2
5d,lstm,0.14080589763418955,50,200,200,100,200,4
5d,lstm,0.0694527907072305,50,200,200,100,500,4
5d,lstm,0.18157434411292084,50,200,200,100,1000,4
5d,lstm,0.04450474210828231,50,200,200,200,200,4
5d,lstm,0.09755168270393628,50,200,200,200,500,4
5d,lstm,0.3802541172252079,50,200,200,200,1000,4
5d,lstm,0.17996080460291394,50,200,200,400,200,4
5d,lstm,0.04253308691011495,50,200,200,400,500,4
5d,lstm,0.3603219810487319,50,200,200,400,1000,4
5d,lstm,0.036492450629495056,100,50,50,100,200,1
5d,lstm,0.1417983099925615,100,50,50,100,500,1
5d,lstm,0.23118418399176985,100,50,50,100,1000,1
5d,lstm,0.04985045429262495,100,50,50,200,200,1
5d,lstm,0.09084239819826508,100,50,50,200,500,1
5d,lstm,0.11547658490061881,100,50,50,200,1000,1
5d,lstm,0.08246345539744522,100,50,50,400,200,1
5d,lstm,0.10086652219480519,100,50,50,400,500,1
5d,lstm,0.10765166341720941,100,50,50,400,1000,1
5d,lstm,0.0901892286385581,100,50,50,100,200,2
5d,lstm,0.16809613472032003,100,50,50,100,500,2
5d,lstm,0.1438103079244164,100,50,50,100,1000,2
5d,lstm,0.0373916454402271,100,50,50,200,200,2
5d,lstm,0.172128002642538,100,50,50,200,500,2
5d,lstm,0.16288982829870682,100,50,50,200,1000,2
5d,lstm,0.06638734053294033,100,50,50,400,200,2
5d,lstm,0.1729382759251491,100,50,50,400,500,2
5d,lstm,0.039308708318737576,100,50,50,400,1000,2
5d,lstm,0.14898836828979906,100,50,50,100,200,4
5d,lstm,0.7635358424676983,100,50,50,100,500,4
5d,lstm,0.40939664195963293,100,50,50,100,1000,4
5d,lstm,0.029082583966406412,100,50,50,200,200,4
5d,lstm,0.2535112265371026,100,50,50,200,500,4
5d,lstm,0.2664786892151694,100,50,50,200,1000,4
5d,lstm,0.32647929835474576,100,50,50,400,200,4
5d,lstm,0.14954831293885035,100,50,50,400,500,4
5d,lstm,0.2284392074862873,100,50,50,400,1000,4
5d,lstm,0.03281923298131915,100,50,100,100,200,1
5d,lstm,0.1538995795965028,100,50,100,100,500,1
5d,lstm,0.17004314173159402,100,50,100,100,1000,1
5d,lstm,0.056470690478175,100,50,100,200,200,1
5d,lstm,0.14450098301572975,100,50,100,200,500,1
5d,lstm,0.11553423099233961,100,50,100,200,1000,1
5d,lstm,0.06818600958736169,100,50,100,400,200,1
5d,lstm,0.10199496485973733,100,50,100,400,500,1
5d,lstm,0.11726462558351938,100,50,100,400,1000,1
5d,lstm,0.2885649326579174,100,50,100,100,200,2
5d,lstm,0.15739570072061854,100,50,100,100,500,2
5d,lstm,0.14520435430986903,100,50,100,100,1000,2
5d,lstm,0.02885100716213986,100,50,100,200,200,2
5d,lstm,0.17334750816968544,100,50,100,200,500,2
5d,lstm,0.4228338708376733,100,50,100,200,1000,2
5d,lstm,0.09380997587994508,100,50,100,400,200,2
5d,lstm,0.1847111263931895,100,50,100,400,500,2
5d,lstm,0.07732973547487876,100,50,100,400,1000,2
5d,lstm,0.08784076656467213,100,50,100,100,200,4
5d,lstm,0.3689291674445615,100,50,100,100,500,4
5d,lstm,0.11158876633096172,100,50,100,100,1000,4
5d,lstm,0.05220466335047474,100,50,100,200,200,4
5d,lstm,0.030877250803249417,100,50,100,200,500,4
5d,lstm,0.147615510721198,100,50,100,200,1000,4
5d,lstm,0.15311024426649575,100,50,100,400,200,4
5d,lstm,0.042858547338041064,100,50,100,400,500,4
5d,lstm,0.3095480670062963,100,50,100,400,1000,4
5d,lstm,0.059035980811294006,100,50,200,100,200,1
5d,lstm,0.05815195388001614,100,50,200,100,500,1
5d,lstm,0.13337778826877575,100,50,200,100,1000,1
5d,lstm,0.03109149724863138,100,50,200,200,200,1
5d,lstm,0.11593984601217276,100,50,200,200,500,1
5d,lstm,0.09810364868692756,100,50,200,200,1000,1
5d,lstm,0.0679757439918181,100,50,200,400,200,1
5d,lstm,0.05792200439510842,100,50,200,400,500,1
5d,lstm,0.04802700912109685,100,50,200,400,1000,1
5d,lstm,0.18461237905050568,100,50,200,100,200,2
5d,lstm,0.09835125238265781,100,50,200,100,500,2
5d,lstm,0.1973133415551144,100,50,200,100,1000,2
5d,lstm,0.03939195408527537,100,50,200,200,200,2
5d,lstm,0.14850432192357793,100,50,200,200,500,2
5d,lstm,0.09862120962811786,100,50,200,200,1000,2
5d,lstm,0.04270542677388351,100,50,200,400,200,2
5d,lstm,0.09930458513476229,100,50,200,400,500,2
5d,lstm,0.03420119070725767,100,50,200,400,1000,2
5d,lstm,0.04200556052542197,100,50,200,100,200,4
5d,lstm,0.03591490976748771,100,50,200,100,500,4
5d,lstm,0.06766063598900993,100,50,200,100,1000,4
5d,lstm,0.14169029218341425,100,50,200,200,200,4
5d,lstm,0.1888735770092353,100,50,200,200,500,4
5d,lstm,0.12148529915380095,100,50,200,200,1000,4
5d,lstm,0.11581162460783422,100,50,200,400,200,4
5d,lstm,0.18639169676769468,100,50,200,400,500,4
5d,lstm,0.0779371615627107,100,50,200,400,1000,4
5d,lstm,0.04299079056258961,100,100,50,100,200,1
5d,lstm,0.03605200384632943,100,100,50,100,500,1
5d,lstm,0.0940812966816923,100,100,50,100,1000,1
5d,lstm,0.06337490863656317,100,100,50,200,200,1
5d,lstm,0.05512671748052916,100,100,50,200,500,1
5d,lstm,0.0629094249091265,100,100,50,200,1000,1
5d,lstm,0.037590083845140856,100,100,50,400,200,1
5d,lstm,0.05056270145690048,100,100,50,400,500,1
5d,lstm,0.06109528043470423,100,100,50,400,1000,1
5d,lstm,0.03568280347037996,100,100,50,100,200,2
5d,lstm,0.07501405941631155,100,100,50,100,500,2
5d,lstm,0.2672260552687151,100,100,50,100,1000,2
5d,lstm,0.05733028182236402,100,100,50,200,200,2
5d,lstm,0.11420772297080606,100,100,50,200,500,2
5d,lstm,0.04040472970008783,100,100,50,200,1000,2
5d,lstm,0.0790122670648933,100,100,50,400,200,2
5d,lstm,0.09585036590332753,100,100,50,400,500,2
5d,lstm,0.11104356467368624,100,100,50,400,1000,2
5d,lstm,0.0493608674645137,100,100,50,100,200,4
5d,lstm,0.07023493912073978,100,100,50,100,500,4
5d,lstm,0.08691717804802335,100,100,50,100,1000,4
5d,lstm,0.08823955789353022,100,100,50,200,200,4
5d,lstm,0.2554946267492466,100,100,50,200,500,4
5d,lstm,0.08147713400048814,100,100,50,200,1000,4
5d,lstm,0.042767689740165746,100,100,50,400,200,4
5d,lstm,0.039552008401246244,100,100,50,400,500,4
5d,lstm,0.07304087093591209,100,100,50,400,1000,4
5d,lstm,0.038873314183547336,100,100,100,100,200,1
5d,lstm,0.04322256443441412,100,100,100,100,500,1
5d,lstm,0.062068437651519814,100,100,100,100,1000,1
5d,lstm,0.03726655772777901,100,100,100,200,200,1
5d,lstm,0.046463014628040714,100,100,100,200,500,1
5d,lstm,0.059089452200851156,100,100,100,200,1000,1
5d,lstm,0.035564918787589966,100,100,100,400,200,1
5d,lstm,0.06440522851901603,100,100,100,400,500,1
5d,lstm,0.050960500658811726,100,100,100,400,1000,1
5d,lstm,0.039932707089623626,100,100,100,100,200,2
5d,lstm,0.09508511132572883,100,100,100,100,500,2
5d,lstm,0.40214540545749256,100,100,100,100,1000,2
5d,lstm,0.06138289821294295,100,100,100,200,200,2
5d,lstm,0.11605676609526978,100,100,100,200,500,2
5d,lstm,0.03230471891386385,100,100,100,200,1000,2
5d,lstm,0.14120709936028106,100,100,100,400,200,2
5d,lstm,0.09874142244296179,100,100,100,400,500,2
5d,lstm,0.6661177272984592,100,100,100,400,1000,2
5d,lstm,0.05066629221202804,100,100,100,100,200,4
5d,lstm,0.19448345571711667,100,100,100,100,500,4
5d,lstm,0.24184578787612088,100,100,100,100,1000,4
5d,lstm,0.116496689850393,100,100,100,200,200,4
5d,lstm,0.058359586503969954,100,100,100,200,500,4
5d,lstm,0.4681648282485769,100,100,100,200,1000,4
5d,lstm,0.0343706913655881,100,100,100,400,200,4
5d,lstm,0.0327383185132151,100,100,100,400,500,4
5d,lstm,0.35608190064271444,100,100,100,400,1000,4
5d,lstm,0.05374879303195225,100,100,200,100,200,1
5d,lstm,0.10078067899055765,100,100,200,100,500,1
5d,lstm,0.10320695307484909,100,100,200,100,1000,1
5d,lstm,0.10920387482317762,100,100,200,200,200,1
5d,lstm,0.04270549528317653,100,100,200,200,500,1
5d,lstm,0.046139956091383286,100,100,200,200,1000,1
5d,lstm,0.032273066242318495,100,100,200,400,200,1
5d,lstm,0.06165390448867194,100,100,200,400,500,1
5d,lstm,0.05113565251960738,100,100,200,400,1000,1
5d,lstm,0.03828292227129688,100,100,200,100,200,2
5d,lstm,0.09046087416249325,100,100,200,100,500,2
5d,lstm,0.042404433550817494,100,100,200,100,1000,2
5d,lstm,0.06912847273815065,100,100,200,200,200,2
5d,lstm,0.09792336068995999,100,100,200,200,500,2
5d,lstm,0.048112081672486186,100,100,200,200,1000,2
5d,lstm,0.04160900074319735,100,100,200,400,200,2
5d,lstm,0.1338723869151116,100,100,200,400,500,2
5d,lstm,0.09133416773255314,100,100,200,400,1000,2
5d,lstm,0.06812386672016665,100,100,200,100,200,4
5d,lstm,0.878766938062563,100,100,200,100,500,4
